0 292
59 277
92 266
121 287
150 176
158 192
222 227
250 212
283 234
304 276
347 198
383 154
408 376
417 108
456 317
490 154
549 205
610 144
653 287
654 152
713 272
774 145
831 331
891 172
945 145
981 155
1004 377
1039 261
1068 355
1117 216
1139 181
1199 134
1242 358
1282 310
1293 214
1316 260
1366 260
1425 189
1462 267
1526 309
1526 314
1579 260
1618 278
1621 348
1622 342
1624 158
1624 191
1660 363
1709 374
1768 346
1818 288
1880 278
1908 267
1916 292
1955 386
1976 151
2012 322
2071 296
2100 384
2110 386
2157 165
2207 103
2213 288
2233 357
2262 291
2309 155
2333 213
2379 332
2405 158
2455 219
2511 182
2548 396
2558 286
2592 205
2619 293
2621 250
2675 288
2724 266
2727 323
2772 144
2782 178
2825 398
2888 237
2907 375
2916 259
2937 339
2942 170
2966 398
2988 384
3043 279
3074 347
3125 339
3163 138
3172 117
3205 380
3210 280
3218 364
3226 205
3232 313
3259 149
3288 328
3299 218
3337 129
3387 158
3410 372
3448 395
3473 171
3479 259
3533 192
3569 223
3633 141
3694 335
3718 386
3726 260
3757 273
3798 176
3813 350
3840 303
3859 163
3905 249
3950 352
3980 159
4019 230
4019 337
4067 299
4114 199
4124 268
4174 398
4220 278
4280 206
4306 220
4308 357
4328 229
4355 254
4392 327
4405 380
4426 299
4447 106
4456 162
4476 156
4533 261
4568 353
4607 341
4641 336
4652 314
4680 323
4742 376
4753 361
4811 246
4864 151
4905 322
4948 156
4991 223
5047 302
5064 210
5104 298
5111 265
5116 153
5144 307
5209 378
5209 235
5216 112
5271 286
5280 121
5334 240
5340 309
5402 256
5427 335
5472 180
5494 264
5516 300
5516 314
5522 117
5531 324
5574 160
5576 251
5609 308
5644 210
5670 289
5670 331
5709 356
5751 244
5803 258
5810 191
5824 121
5849 280
5873 221
5935 140
5964 213
6022 268
6033 371
6080 220
6085 386
6146 125
6207 215
6251 357
6314 301
6317 336
6338 384
6351 201
6387 239
6390 380
6450 280
6470 303
6473 136
6502 371
6509 242
6564 338
6591 174
6633 156
6676 372
6729 217
6768 318
6789 136
6852 284
6879 361
6882 323
6905 188
6934 113
6955 300
7008 215
7053 261
7110 115
7113 238
7130 215
7167 183
7229 164
7261 165
7274 105
7302 390
7321 143
7362 169
7380 344
7399 325
7438 300
7450 262
7471 149
7488 177
7510 275
7537 306
7597 314
7626 282
7647 393
7671 114
7717 306
7757 391
7794 107
7812 172
7821 369
7854 164
7862 223
7866 337
7899 102
7935 389
7972 134
7997 371
8059 388
8079 379
8126 306
8171 131
8197 149
8220 265
8250 235
8301 263
8308 387
8325 179
8387 306
8425 187
8465 235
8482 237
8489 124
8531 269
8560 166
8577 146
8615 346
8651 288
8663 253
8721 256
8749 143
8763 297
8821 399
8869 345
8918 197
8932 213
8960 261
8992 201
8998 263
9034 103
9035 271
9078 354
9124 279
9158 266
9160 348
9192 225
9194 246
9258 226
9266 151
9313 151
9377 256
9392 232
9415 319
9474 303
9526 355
9588 112
9599 108
9625 149
9674 260
9719 320
9738 141
9751 305
9807 219
9818 134
9872 307
9925 222
9976 154
9984 180
10030 339
10066 156
10091 342
10109 278
10111 238
10134 290
10169 294
10205 260
10216 359
10219 327
10277 300
10338 205
10343 251
10372 270
10421 334
10486 279
10519 387
10579 272
10644 208
10670 384
10725 129
10777 398
10826 188
10834 363
10837 375
10895 381
10920 304
10958 135
10995 114
11014 360
11050 308
11098 325
11147 332
11207 329
11259 300
11308 139
11310 291
11371 305
11426 347
11468 282
11480 159
11529 250
11550 350
11613 170
11635 294
11645 116
11676 126
11735 150
11765 243
11826 151
11834 148
11886 126
11897 332
11952 122
11999 304
12051 254
12114 220
12140 130
12196 393
12204 290
12241 334
12243 142
12250 351
12263 123
12310 276
12360 291
12411 369
12472 316
12487 352
12544 232
12556 347
12608 271
12619 194
12646 393
12679 153
12688 127
12740 241
12741 205
12744 366
12770 288
12793 303
12830 220
12876 148
12940 225
12952 179
13005 309
13036 396
13068 350
13116 134
13156 330
13181 279
13196 331
13253 230
13253 266
13284 265
13326 392
13362 285
13418 144
13457 352
13464 137
13506 278
13512 263
13542 127
13587 365
13616 261
13641 104
13706 356
13768 214
13824 124
13868 335
13889 238
13892 109
13921 243
13924 160
13972 126
14021 332
14022 144
14049 179
14076 112
14118 336
14142 143
14182 367
14223 328
14230 238
14261 265
14310 294
14313 153
14353 178
14399 161
14429 144
14481 335
14529 145
14532 223
14548 202
14562 373
14580 214
14638 183
14695 168
14722 366
14784 168
14831 379
14872 286
14902 371
14914 133
14968 202
15001 324
15056 258
15079 169
15100 246
15119 321
15148 166
15153 287
15182 268
15233 364
15287 313
15330 117
15353 148
15370 129
15399 319
15459 255
15462 344
15518 211
15560 149
15608 235
15657 203
15688 166
15725 296
15757 170
15784 361
15835 103
15896 272
15945 220
15989 376
15992 143
16020 116
16042 369
16068 130
16088 162
16112 112
16175 179
16175 210
16193 137
16254 252
16288 224
16351 347
16386 140
16431 352
16439 243
16456 214
16484 329
16494 288
16500 242
16561 131
16595 203
16620 305
16646 311
16704 180
16765 175
16791 261
16796 302
16842 230
16854 131
16913 307
16959 164
16990 264
17043 303
17099 343
17106 175
17122 153
17126 170
17132 213
17197 126
17202 134
17247 330
17266 204
17318 207
17343 278
17365 170
17384 268
17410 310
17418 279
17439 289
17441 362
17489 249
17492 295
17549 126
17563 352
17565 105
17612 358
17659 334
17691 271
17755 149
17787 136
17792 287
17811 105
17843 389
17881 363
17903 211
17919 295
17975 341
18029 331
18054 250
18085 224
18102 374
18112 243
18121 296
18153 207
18181 216
18204 269
18250 148
18309 254
18311 263
18374 368
18378 195
18403 386
18432 353
18467 208
18480 305
18494 111
18503 166
18529 344
18592 320
18613 165
18666 295
18720 245
18739 261
18780 133
18791 268
18835 151
18881 317
18887 205
18902 159
18963 126
19003 350
19056 348
19088 395
19088 235
19092 396
19142 157
19207 287
19229 286
19245 353
19283 277
19312 126
19355 289
19370 119
19388 214
19410 112
19465 247
19487 382
19532 130
19586 191
19602 398
19665 218
19714 130
19749 109
19762 206
19824 341
19837 287
19900 364
19935 310
19970 223
20011 266
20074 370
20127 249
20131 364
20137 134
20144 198
20194 295
20212 239
20275 374
20307 294
20343 366
20400 215
20452 202
20488 383
20489 319
20491 242
20552 146
20556 302
20571 268
20581 227
20646 374
20685 387
20702 294
20713 246
20755 231
20776 152
20778 328
20835 104
20900 151
20903 196
20934 297
20974 208
20975 202
20980 291
21028 329
21064 325
21091 396
21116 276
21180 296
21237 210
21246 268
21294 225
21316 181
21377 331
21442 320
21461 256
21463 169
21515 265
21548 179
21568 294
21569 227
21626 116
21689 288
21694 165
21742 172
21771 212
21777 189
21778 240
21826 271
21874 259
21933 251
21940 113
21999 184
22064 244
22113 387
22149 324
22155 362
22166 337
22206 390
22266 387
22274 381
22287 102
22319 292
22357 145
22366 366
22426 307
22446 372
22508 243
22568 251
22603 371
22616 230
22642 105
22672 393
22691 146
22740 149
22765 145
22802 336
22805 253
22856 393
22872 344
22934 307
22993 282
23002 276
23027 139
23078 112
23122 318
23184 162
23198 138
23235 319
23266 190
23310 270
23319 151
23346 334
23363 388
23415 359
23419 340
23459 236
23521 249
23575 299
23623 191
23636 103
23670 258
23697 386
23731 325
23742 381
23757 377
23811 303
23814 163
23849 138
23876 217
23925 135
23926 316
23951 383
23954 387
23968 158
24017 246
24028 241
24062 330
24123 300
24156 184
24156 323
24215 238
24221 294
24222 115
24236 156
24295 134
24350 146
24370 167
24424 219
24448 364
24457 233
24483 390
24503 266
24560 305
24619 280
24636 205
24641 255
24684 133
24691 348
24740 134
24744 386
24764 247
24796 170
24800 214
24861 369
24880 219
24914 341
24937 281
24971 286
24973 379
25008 280
25026 374
25055 231
25103 184
25140 261
25196 235
25199 390
25229 331
25275 349
25327 154
25389 277
25434 224
25478 186
25493 130
25506 296
25543 244
25577 297
25597 211
25643 330
25674 207
25705 270
25761 390
25789 377
25789 125
25841 368
25890 296
25943 156
25949 167
25975 230
26019 319
26055 259
26076 254
26079 334
26144 237
26186 116
26251 108
26299 339
26339 199
26345 372
26361 294
26385 355
26419 289
26442 315
26483 305
26546 155
26569 275
26601 340
26634 175
26650 198
26665 243
26723 258
26788 153
26853 353
26901 218
26911 180
26971 318
27030 255
27072 198
27074 165
27135 319
27169 332
27197 238
27256 275
27290 251
27315 227
27315 291
27376 349
27432 338
27467 300
27529 229
27563 221
27574 167
27592 255
27629 250
27631 373
27646 244
27695 263
27730 230
27768 349
27814 215
27864 128
27876 317
27918 155
27953 333
27992 364
28046 388
28065 261
28094 213
28145 125
28198 193
28230 132
28252 107
28297 373
28351 385
28409 272
28417 254
28429 310
28446 134
28465 378
28528 373
28542 181
28603 127
28652 220
28652 216
28675 255
28692 347
28747 247
28750 234
28778 245
28823 298
28844 123
28902 173
28908 275
28926 351
28982 175
28996 300
29061 337
29095 304
29127 272
29141 107
29163 329
29208 367
29211 362
29251 153
29286 177
29334 276
29339 156
29360 187
29404 157
29436 290
29491 115
29527 194
29579 170
29613 214
29650 170
29656 123
29665 229
29665 280
29696 348
29736 350
29792 338
29846 227
29904 175
29906 130
29955 156
29957 118
29966 215
29988 228
30027 262
30039 332
30073 268
30074 135
30075 150
30129 292
30167 302
30195 176
30243 368
30264 390
30290 321
30297 329
30351 197
30392 253
30436 263
30493 302
30542 128
30568 109
30590 294
30644 346
30670 112
30722 146
30724 133
30751 310
30782 178
30801 197
30805 126
30865 182
30898 177
30951 188
30979 121
31005 169
31054 276
31076 397
31086 327
31111 218
31162 286
31195 358
31222 388
31256 372
31296 273
31340 270
31351 352
31385 175
31389 392
31442 174
31507 357
31549 214
31610 374
31659 356
31666 259
31704 345
31723 391
31770 168
31831 275
31863 250
31864 366
31876 100
31921 177
31976 101
31977 142
31992 286
32045 371
32093 285
32145 315
32194 351
32230 119
32282 375
32305 251
32336 142
32381 288
32433 228
32437 117
32491 173
32535 108
32567 367
32585 302
32630 254
32663 305
32712 323
32766 384
32779 399
32830 223
32840 166
32869 118
32892 102
32928 205
32978 212
32984 162
33008 120
33024 112
33053 325
33085 240
33122 292
33153 322
33172 318
33222 142
33265 361
33293 343
33333 293
33358 289
33419 371
33423 229
33459 321
33476 122
33537 114
33583 381
33646 101
33675 222
33688 371
33738 160
33753 102
33814 258
33879 121
33918 143
33928 267
33960 261
34020 131
34068 322
34114 333
34136 345
34165 131
34227 390
34241 252
34299 377
34320 256
34373 164
34381 344
34403 274
34404 227
34447 331
34507 302
34519 285
34564 286
34581 389
34639 204
34703 323
34742 365
34788 319
34807 178
34815 392
34826 137
34832 297
34874 182
34897 399
34918 141
34969 108
34976 227
34977 380
35033 152
35044 338
35098 107
35163 143
35165 175
35173 241
35187 114
35246 293
35254 145
35296 186
35319 314
35342 241
35405 168
35464 350
35468 194
35522 362
35530 103
35568 155
35572 161
35590 135
35605 317
35629 247
35668 214
35720 135
35733 282
35762 191
35786 111
35800 203
35859 285
35882 127
35945 187
35998 277
36004 341
36068 201
36129 183
36145 396
36187 164
36222 383
36278 335
36339 294
36384 292
36423 314
36432 369
36455 187
36511 223
36575 285
36629 308
36685 101
36694 147
36698 108
36700 142
36710 334
36766 299
36821 241
36883 388
36930 352
36935 120
36979 288
36984 335
37001 399
37045 242
37091 173
37093 398
37117 103
37136 380
37148 379
37194 116
37257 280
37257 283
37272 202
37305 208
37341 204
37353 372
37406 321
37420 120
37428 170
37446 308
37467 364
37488 121
37514 104
37521 132
37581 175
37639 349
37659 168
37699 181
37750 156
37778 325
37822 170
37858 357
37914 310
37946 116
37984 292
38035 328
38100 284
38139 329
38181 351
38244 376
38274 213
38300 186
38344 262
38362 153
38368 210
38418 283
38436 328
38450 324
38450 270
38455 271
38482 370
38513 124
38571 200
38620 194
38669 366
38672 282
38703 253
38767 361
38792 288
38830 138
38888 145
38903 331
38942 213
38957 264
38963 300
38972 199
38980 338
39035 176
39079 228
39110 242
39124 146
39166 377
39225 144
39278 118
39329 105
39379 135
39423 181
39473 176
39500 274
39554 383
39572 127
39634 149
39669 109
39692 155
39713 148
39754 135
39774 373
39784 197
39836 155
39868 207
39887 324
39897 263
39909 261
39918 353
39977 383
39979 313
40037 170
40071 179
40120 188
40159 120
40203 184
40238 135
40264 271
40276 332
40317 348
40362 140
40419 281
40472 331
40520 347
40560 229
40616 220
40665 393
40703 157
40709 173
40714 307
40735 186
40791 300
40840 254
40873 105
40899 150
40935 225
40935 331
40993 146
41023 253
41070 198
41082 323
41124 177
41142 312
41151 389
41184 184
41186 230
41248 392
41288 143
41294 305
41331 384
41347 155
41382 198
41416 372
41416 300
41481 237
41545 259
41562 368
41565 129
41619 224
41677 317
41699 119
41702 231
41753 281
41813 362
41863 323
41885 194
41921 260
41934 168
41952 137
42016 109
42075 366
42099 140
42135 257
42178 266
42213 344
42254 342
42283 282
42290 126
42309 347
42313 302
42344 139
42346 353
42365 289
42369 183
42396 390
42444 306
42507 112
42535 343
42567 271
42623 303
42660 345
42715 230
42721 318
42732 395
42794 349
42821 241
42863 398
42889 339
42932 268
42958 318
42989 318
43009 320
43022 326
43081 305
43131 125
43173 313
43184 354
43202 303
43228 105
43268 242
43312 300
43361 395
43391 230
43403 237
43441 109
43447 113
43492 384
43521 362
43528 249
43563 161
43567 128
43575 101
43617 222
43645 358
43700 307
43723 234
43726 236
43777 209
43789 163
43823 221
43857 206
43907 256
43908 220
43910 154
43943 190
44004 347
44050 293
44101 252
44129 305
44149 295
44163 363
44210 175
44254 258
44300 322
44328 283
44365 250
44420 330
44424 232
44456 329
44516 171
44559 153
44593 289
44648 171
44689 115
44718 303
44748 293
44783 392
44842 171
44882 305
44947 276
44999 189
45060 178
45115 237
45143 221
45147 249
45165 289
45173 114
45173 301
45175 219
45185 267
45218 279
45222 342
45273 233
45284 173
45317 158
45343 227
45388 233
45447 318
45463 320
45514 293
45557 331
45621 227
45673 261
45718 236
45756 149
45771 207
45801 215
45806 251
45821 266
45858 388
45883 131
45948 224
45962 225
45999 338
46012 182
46059 370
46083 314
46120 216
46163 278
46223 311
46229 355
46246 308
46274 272
46320 119
46357 189
46380 168
46390 327
46390 136
46404 387
46454 353
46510 258
46523 340
46533 172
46553 103
46618 108
46682 331
46705 137
46740 185
46776 103
46803 101
46833 316
46834 116
46839 165
46903 347
46938 231
46982 327
46995 275
47030 265
47068 323
47072 351
47073 234
47109 346
47123 225
47130 234
47151 288
47206 373
47221 160
47247 100
47300 194
47338 278
47341 300
47384 366
47386 124
47419 176
47484 203
47491 382
47529 113
47551 314
47599 164
47633 119
47691 387
47744 261
47755 135
47779 324
47812 262
47829 207
47835 112
47882 342
47889 109
47935 188
47987 249
47992 254
48020 203
48028 153
48081 268
48091 324
48154 217
48203 106
48209 347
48212 186
48213 186
48220 324
48232 118
48246 339
48247 389
48269 292
48315 251
48323 205
48373 267
48391 274
48448 134
48462 147
48486 283
48543 208
48548 136
48550 392
48562 187
48572 177
48634 287
48674 337
48692 144
48741 218
48762 380
48769 250
48776 233
48816 138
48870 274
48919 224
48970 291
49010 340
49043 227
49100 306
49150 105
49151 276
49173 399
49215 272
49251 147
49290 391
49303 314
49364 378
49368 369
49383 120
49404 254
49404 105
49441 176
49498 229
49513 134
49558 374
49604 222
49646 384
49665 364
49708 317
49748 300
49793 243
49853 306
49859 366
49867 395
49919 223
49934 282
49966 399
49989 226
50043 366
50047 367
50083 352
50094 191
50145 362
50174 246
50190 323
50230 345
50283 312
50314 393
50343 179
50355 317
50420 289
50484 183
50496 211
50547 272
50604 274
50633 170
50669 132
50708 215
50709 172
50754 379
50756 159
50764 215
50814 227
50860 303
50869 300
50893 262
50908 372
50943 182
50982 307
51006 365
51015 298
51072 359
51098 100
51161 377
51191 188
51231 220
51289 332
51308 272
51326 195
51375 367
51430 347
51463 289
51489 226
51518 207
51539 129
51569 266
51608 259
51614 310
51663 353
51686 384
51727 296
51771 341
51813 192
51818 340
51877 340
51896 387
51956 240
52006 312
52057 299
52074 152
52138 244
52171 360
52172 145
52210 367
52250 209
52313 191
52370 259
52415 338
52450 298
52476 343
52511 342
52519 283
52547 206
52592 201
52595 318
52611 137
52653 173
52692 270
52712 319
52739 320
52742 292
52747 290
52808 144
52832 155
52863 211
52919 286
52948 380
52975 287
53029 316
53030 295
53030 243
53086 101
53150 134
53169 238
53206 212
53216 186
53218 221
53249 259
53313 257
53339 313
53379 116
53404 173
53416 320
53471 286
53527 154
53582 226
53587 270
53618 317
53624 202
53641 309
53669 265
53683 122
53721 373
53745 304
53779 352
53840 251
53903 120
53909 169
53913 141
53921 280
53968 293
54015 144
54054 286
54105 119
54164 168
54181 107
54208 377
54256 124
54264 116
54298 284
54350 250
54397 389
54445 164
54504 315
54549 219
54594 301
54654 306
54665 228
54702 359
54709 286
54770 280
54819 165
54874 323
54895 311
54930 221
54966 308
54983 283
54986 346
54987 160
55040 205
55099 108
55103 344
55162 155
55180 160
55188 123
55248 194
55296 239
55321 213
55328 152
55359 206
55394 221
55454 349
55468 116
55519 104
55577 208
55636 356
55638 319
55674 183
55682 124
55705 141
55716 241
55735 103
55792 198
55819 300
55841 294
55877 227
55934 173
55974 171
56001 123
56020 369
56079 140
56080 348
56085 329
56138 138
56161 379
56190 205
56214 118
56238 305
56262 377
56271 170
56310 264
56345 338
56354 126
56386 230
56417 289
56468 281
56528 177
56547 393
56569 364
56582 164
56597 262
56610 216
56632 129
56683 200
56702 279
56726 278
56763 272
56784 132
56784 279
56796 347
56832 113
56886 202
56932 213
56960 301
56972 279
57021 173
57037 286
57100 126
57129 363
57146 374
57186 201
57225 285
57258 122
57313 271
57356 231
57419 225
57479 203
57519 139
57574 228
57616 147
57657 357
57679 305
57694 162
57722 262
57787 263
57810 319
57828 142
57876 390
57926 225
57941 169
57975 184
58011 252
58071 326
58136 309
58146 283
58190 266
58250 280
58291 187
58309 155
58361 171
58405 239
58459 335
58524 298
58569 149
58574 238
58582 131
58587 216
58651 367
58704 227
58748 301
58783 284
58832 355
58852 291
58889 211
58913 145
58969 317
58995 325
59057 269
59070 229
59078 299
59111 188
59167 394
59225 266
59258 151
59306 237
59349 157
59380 172
59422 290
59469 155
59492 362
59524 387
59529 188
59583 183
59600 240
59638 327
59657 331
59694 173
59734 124
59794 339
59803 334
59818 180
59873 302
59882 155
59912 268
59955 297
60013 115
60076 109
60076 301
60136 265
60189 208
60228 232
60262 260
60276 118
60316 298
60327 112
60375 186
60405 327
60410 397
60410 337
60436 245
60455 148
60506 224
60520 221
60521 354
60585 167
60624 179
60683 255
60731 309
60740 276
60751 282
60751 391
60796 185
60822 214
60824 353
60839 152
60839 338
60886 163
60936 363
60970 240
60971 323
61008 132
61010 310
61053 394
61087 264
61088 131
61093 263
61128 220
61160 393
61188 235
61206 137
61267 197
61277 140
61279 242
61312 249
61354 373
61354 341
61359 226
61401 345
61450 176
61481 144
61534 308
61583 282
61597 308
61611 166
61658 274
61676 134
61723 336
61738 336
61756 230
61773 161
61784 309
61790 313
61807 358
61869 308
61925 119
61971 294
62029 364
62093 212
62137 104
62182 119
62221 187
62286 354
62309 280
62313 253
62370 127
62404 318
62440 121
62457 176
62478 141
62528 166
62563 141
62617 193
62676 240
62705 329
62764 288
62826 228
62831 153
62883 150
62889 125
62889 397
62897 270
62962 193
62965 199
62994 323
63020 305
63055 353
63095 205
63115 103
63120 156
63124 242
63182 332
63210 372
63268 205
63288 372
63292 130
63351 334
63402 336
63457 244
63462 100
63473 328
63503 312
63528 356
63593 380
63631 115
63659 344
63724 132
63761 332
63775 367
63818 231
63841 319
63894 360
63949 214
63951 385
63974 136
64037 282
64073 343
64084 297
64114 264
64151 364
64162 117
64202 189
64220 289
64257 258
64293 262
64294 247
64351 303
64354 386
64377 260
64400 128
64410 109
64423 312
64469 158
64506 108
64536 139
64544 202
64552 333
64603 258
64659 168
64718 131
64750 158
64764 163
64809 190
64874 131
64896 225
64943 298
64985 122
64993 290
65007 319
65038 155
65092 323
65111 167
65129 252
65150 379
65172 394
65204 302
65209 392
65216 166
65278 166
65327 236
65356 309
65402 177
65423 296
65449 164
65481 371
65492 226
65518 128
65531 151
65559 271
65611 252
65654 296
65688 122
65750 171
65779 175
65824 338
65831 233
65870 398
65880 231
65918 134
65945 110
65968 166
65989 300
66053 234
66080 126
66145 237
66153 323
66180 136
66203 321
66218 186
66230 200
66291 360
66354 272
66360 348
66387 304
66429 350
66474 140
66496 256
66542 210
66574 395
66618 396
66636 218
66643 317
66669 368
66733 217
66746 339
66776 180
66807 355
66847 309
66882 160
66891 338
66943 232
66951 179
67005 370
67032 379
67091 230
67142 301
67196 150
67248 359
67266 108
67318 173
67379 146
67416 298
67460 362
67517 357
67527 125
67548 184
67603 273
67604 298
67619 205
67682 312
67711 356
67728 387
67764 331
67794 124
67846 175
67864 339
67895 207
67899 275
67960 201
67977 295
68035 180
68099 136
68099 295
68123 353
68145 263
68167 139
68232 379
68235 277
68276 125
68295 355
68341 203
68347 374
68370 288
68385 184
68387 186
68407 268
68410 112
68450 377
68463 342
68477 112
68492 248
68513 376
68521 230
68564 243
68618 259
68626 356
68658 196
68702 129
68723 232
68727 375
68751 298
68766 289
68806 252
68832 321
68884 249
68907 352
68916 137
68926 277
68991 286
69053 175
69102 270
69122 211
69137 114
69140 352
69194 107
69251 269
69280 274
69318 319
69380 129
69436 273
69474 226
69519 327
69574 257
69635 182
69676 277
69714 344
69772 290
69810 167
69862 349
69903 255
69947 150
69999 117
70035 338
70043 155
70064 176
70074 297
70084 257
70123 217
70165 134
70215 314
70238 210
70276 163
70286 366
70306 108
70351 105
70386 127
70409 143
70435 184
70477 380
70500 101
70531 271
70584 111
70604 280
70641 246
70699 233
70711 329
70750 371
70777 395
70834 379
70877 305
70916 371
70972 244
71002 129
71054 200
71105 271
71105 218
71145 205
71201 274
71210 215
71267 351
71311 233
71323 343
71371 377
71435 194
71452 145
71461 394
71511 135
71557 235
71573 271
71592 226
71632 189
71646 289
71648 330
71657 331
71684 236
71692 145
71756 215
71774 278
71830 378
71848 201
71902 175
71959 244
71984 138
72035 379
72040 367
72079 103
72099 254
72157 351
72211 108
72243 282
72307 217
72324 370
72382 368
72423 176
72471 273
72521 122
72540 177
72545 264
72556 298
72571 176
72628 101
72688 322
72727 176
72760 391
72812 259
72851 185
72885 253
72928 112
72953 356
72958 219
72966 171
73004 283
73030 213
73033 168
73062 394
73114 329
73119 128
73148 354
73179 228
73183 145
73240 323
73304 168
73336 338
73386 349
73442 321
73503 176
73541 115
73564 345
73572 262
73607 291
73650 361
73704 356
73704 123
73729 299
73740 361
73784 343
73786 227
73813 165
73828 295
73854 111
73915 287
73917 313
73969 303
73999 182
74047 375
74075 323
74096 246
74099 131
74131 242
74179 225
74232 378
74274 192
74275 283
74300 374
74313 323
74333 100
74336 330
74375 165
74418 224
74462 299
74463 326
74511 240
74529 206
74568 394
74580 253
74604 308
74650 392
74704 141
74706 309
74770 107
74830 206
74849 395
74885 372
74932 269
74990 113
75027 100
75056 147
75068 163
75071 164
75097 306
75102 382
75114 253
75160 266
75193 250
75202 363
75261 307
75306 316
75369 205
75370 168
75396 189
75399 247
75450 172
75465 134
75472 200
75522 397
75550 219
75565 324
75604 106
75640 320
75680 265
75711 218
75758 104
75802 180
75825 127
75845 287
75884 133
75929 110
75980 134
76000 392
76008 294
76032 345
76088 173
76095 139
76126 360
76157 388
76178 294
76216 154
76220 344
76262 263
76322 186
76328 293
76345 289
76398 376
76439 348
76496 262
76506 163
76523 256
76575 376
76602 368
76602 306
76624 318
76674 266
76694 254
76702 259
76713 234
76770 272
76801 217
76866 383
76873 189
76900 266
76923 225
76936 210
76970 218
77032 329
77046 227
77096 194
77109 192
77135 169
77154 222
77182 116
77215 378
77259 188
77286 102
77303 392
77320 102
77353 194
77365 240
77377 314
77419 142
77458 144
77523 183
77545 118
77599 250
77643 327
77658 220
77691 382
77715 284
77761 397
77813 294
77831 181
77869 301
77910 228
77937 231
77967 152
78024 338
78082 299
78107 139
78108 153
78169 157
78185 366
78235 376
78289 232
78347 223
78405 250
78434 324
78479 365
78536 310
78586 370
78589 288
78611 118
78627 271
78674 104
78702 287
78753 303
78779 138
78809 378
78859 322
78874 326
78925 393
78941 214
78954 159
78966 194
78977 378
78999 214
79007 239
79011 197
79067 254
79130 124
79165 310
79204 189
79252 301
79254 114
79274 331
79278 321
79298 168
79314 293
79325 320
79360 300
79384 203
79416 216
79448 299
79503 104
79526 218
79564 246
79597 160
79644 181
79659 207
79705 237
79767 240
79806 114
79809 351
79854 240
79869 346
79902 221
79904 207
79907 392
79941 355
79996 263
80039 229
80082 306
80121 149
80145 303
80149 236
80169 347
80221 355
80234 389
80278 321
80280 177
80285 375
80315 317
80347 288
80387 345
80408 163
80462 120
80516 322
80521 182
80574 315
80587 331
80618 281
80674 231
80697 344
80702 143
80763 155
80822 236
80862 223
80866 316
80917 168
80920 358
80925 122
80928 175
80948 306
80965 119
81000 346
81064 376
81126 333
81141 117
81198 132
81216 246
81241 385
81289 373
81320 188
81322 324
81352 255
81373 139
81434 262
81459 325
81491 176
81513 393
81518 347
81583 303
81589 280
81605 157
81636 132
81681 256
81721 337
81773 331
81787 172
81804 334
81863 138
81871 257
81931 293
81935 120
81940 179
81965 144
82009 134
82016 306
82051 319
82096 332
82150 370
82202 174
82253 318
82282 385
82308 260
82348 370
82365 346
82372 303
82383 361
82419 260
82453 389
82478 218
82494 304
82554 143
82606 191
82653 228
82714 163
82778 121
82782 307
82824 176
82829 378
82875 170
82937 325
82971 267
83030 350
83052 131
83115 333
83151 219
83162 326
83222 113
83222 289
83255 179
83260 195
83298 191
83354 259
83389 274
83418 314
83434 214
83435 370
83464 230
83514 161
83532 116
83562 112
83619 284
83635 150
83670 356
83691 191
83701 396
83731 340
83764 341
83827 107
83840 389
83857 211
83904 212
83914 236
83923 206
83983 205
84021 344
84034 110
84094 207
84104 230
84148 203
84177 356
84233 259
84267 391
84277 148
84299 367
84352 371
84401 344
84455 313
84497 179
84544 182
84564 294
84621 205
84667 359
84727 168
84738 180
84759 162
84783 123
84813 385
84844 174
84863 165
84921 274
84946 273
84986 273
85016 350
85022 309
85073 288
85102 212
85161 211
85182 357
85245 313
85269 203
85272 278
85300 101
85337 345
85341 348
85386 322
85448 200
85481 392
85494 385
85543 377
85549 180
85592 254
85596 362
85637 167
85656 349
85714 161
85770 108
85794 134
85819 255
85829 289
85877 195
85898 378
85953 358
85964 372
86013 118
86032 394
86058 318
86080 142
86110 317
86163 303
86197 242
86222 122
86262 357
86301 363
86341 189
86366 368
86400 116
86465 231
86500 122
86523 122
86525 256
86529 342
86565 316
86619 158
86639 297
86684 152
86703 326
86712 145
86761 284
86818 200
86845 366
86889 309
86949 219
86963 109
87012 347
87056 137
87067 148
87076 381
87081 167
87126 251
87163 100
87174 208
87201 130
87247 314
87311 315
87343 339
87392 235
87406 263
87454 392
87459 300
87522 357
87537 298
87566 369
87619 122
87637 370
87694 153
87749 281
87791 102
87810 116
87832 278
87889 383
87926 264
87988 170
88003 276
88015 352
88023 258
88088 218
88102 367
88147 388
88208 275
88238 367
88285 381
88337 243
88368 211
88411 352
88430 294
88471 311
88475 309
88516 237
88529 247
88565 314
88622 399
88664 214
88726 323
88732 108
88746 212
88787 231
88839 275
88855 229
88883 337
88886 128
88907 220
88942 341
88953 372
88996 267
89053 269
89096 329
89142 317
89197 287
89235 297
89266 390
89293 374
89337 255
89366 248
89393 235
89443 218
89478 369
89483 254
89512 120
89522 194
89559 150
89576 120
89627 283
89660 174
89698 177
89727 169
89783 132
89788 342
89790 344
89814 273
89838 328
89895 147
89905 382
89967 313
89976 232
90019 290
90027 122
90086 261
90139 300
90168 232
90198 110
90225 250
90272 397
90322 383
90387 334
90397 225
90410 351
90425 213
90483 279
90543 389
90560 185
90605 294
90632 346
90649 216
90710 195
90748 329
90785 302
90826 352
90855 375
90856 344
90885 295
90935 224
90942 147
91005 285
91015 115
91079 389
91105 309
91154 111
91166 143
91166 155
91212 228
91242 147
91278 319
91314 133
91340 387
91366 255
91409 252
91437 234
91444 369
91491 277
91504 149
91542 341
91560 254
91583 266
91606 285
91639 239
91700 161
91716 196
91780 338
91807 326
91827 259
91835 365
91894 266
91937 362
91994 322
92007 324
92072 158
92110 381
92116 323
92160 261
92178 273
92206 221
92211 390
92252 367
92281 199
92305 111
92359 180
92401 122
92401 227
92445 233
92486 224
92542 224
92584 128
92639 298
92662 209
92671 211
92712 315
92762 122
92775 354
92822 286
92849 387
92870 163
92905 325
92966 165
92980 170
93003 305
93033 213
93060 332
93099 391
93149 244
93195 145
93228 235
93254 339
93319 317
93362 351
93374 398
93426 205
93444 210
93475 351
93528 287
93577 278
93610 119
93631 326
93646 284
93653 337
93705 170
93757 383
93762 394
93799 267
93847 268
93899 272
93914 208
93939 133
93995 160
94039 246
94071 158
94123 193
94162 220
94215 285
94279 141
94329 133
94374 309
94376 220
94421 391
94474 319
94524 257
94543 231
94551 221
94583 336
94614 300
94654 281
94688 311
94746 292
94777 198
94836 135
94873 351
94885 102
94895 289
94957 216
95011 210
95026 244
95047 279
95082 385
95092 291
95114 333
95122 208
95157 254
95176 293
95222 150
95225 275
95237 230
95248 358
95302 139
95341 355
95350 180
95383 147
95445 236
95501 352
95515 130
95544 196
95583 335
95611 282
95621 376
95655 288
95685 167
95713 316
95723 343
95788 182
95846 174
95893 394
95955 306
95978 231
95979 171
96000 317
96011 378
96058 216
96078 121
96137 208
96192 227
96212 228
96274 212
96336 244
96353 123
96356 242
96388 168
96396 156
96459 381
96476 170
96516 174
96525 253
96548 204
96581 119
96644 172
96651 327
96700 275
96707 246
96713 251
96761 195
96822 121
96853 125
96887 277
96938 269
96940 121
96969 362
97010 130
97035 248
97061 237
97100 163
97117 198
97125 261
97129 197
97172 114
97187 149
97216 276
97225 303
97258 365
97288 134
97296 143
97315 225
97320 303
97325 273
97380 141
97402 123
97452 371
97457 247
97491 299
97495 291
97510 293
97545 227
97570 216
97604 122
97625 314
97634 367
97661 264
97723 115
97742 399
97804 323
97830 350
97866 296
97917 271
97982 258
98029 140
98060 136
98083 194
98118 155
98160 397
98199 143
98199 338
98221 373
98228 254
98288 322
98301 328
98332 397
98336 243
98384 252
98423 141
98431 238
98482 263
98494 167
98530 190
98584 268
98635 155
98641 151
98647 126
98658 249
98701 165
98734 238
98794 121
98822 324
98884 234
98934 331
98989 290
99038 109
99068 396
99112 112
99154 102
99164 377
99221 296
99230 203
99273 258
99279 256
99304 176
99310 369
99347 282
99359 113
99399 174
99462 344
99517 218
99518 119
99558 181
99577 104
99586 115
99626 344
99670 215
99730 287
99733 100
99770 348
99808 189
99850 377
99858 316
99895 388
99945 140
99953 107
99965 337
100021 177
100073 209
100074 305
100109 267
100167 189
100189 350
100219 107
100269 171
100319 231
100359 378
100387 232
100399 303
100428 336
100459 257
100491 306
100536 122
100565 369
100593 320
100616 109
100618 229
100624 274
100625 278
100673 181
100706 342
100712 261
100768 225
100820 318
100854 319
100916 124
100966 302
101008 127
101057 117
101114 261
101145 324
101151 229
101180 172
101236 284
101280 390
101293 351
101295 382
101311 356
101364 310
101422 287
101435 284
101452 110
101467 345
101490 216
101552 186
101559 156
101585 351
101644 215
101665 341
101680 177
101699 117
101707 367
101752 344
101763 258
101786 301
101835 136
101891 161
101923 325
101981 288
102046 225
102048 170
102061 189
102076 218
102092 248
102144 108
102177 195
102236 157
102261 228
102322 190
102324 256
102364 235
102417 230
102467 143
102498 159
102505 248
102533 110
102565 217
102604 391
102645 155
102656 199
102677 216
102708 292
102723 162
102773 326
102799 158
102826 296
102864 232
102890 294
102921 233
102982 259
102999 289
103046 351
103104 120
103128 146
103135 285
103194 343
103205 244
103244 378
103256 256
103293 211
103301 192
103338 312
103346 186
103411 251
103462 160
103470 353
103484 383
103532 160
103539 299
103579 283
103619 156
103659 290
103715 113
103727 311
103762 225
103802 340
103845 181
103865 293
103870 359
103891 239
103903 259
103959 174
103974 148
104006 350
104047 393
104082 236
104119 163
104121 101
104142 346
104168 202
104228 386
104258 141
104266 347
104283 387
104285 184
104349 130
104412 122
104448 238
104471 143
104504 222
104510 126
104520 237
104532 188
104596 371
104619 255
104638 259
104657 268
104707 113
104738 339
104773 173
104808 331
104852 367
104872 360
104915 177
104930 398
104967 191
104980 362
105038 267
105094 323
105146 185
105156 363
105182 123
105235 349
105290 398
105298 190
105346 312
105403 276
105412 127
105450 188
105500 344
105561 156
105566 316
105630 168
105657 220
105708 125
105708 221
105726 354
105748 272
105783 333
105803 192
105836 342
105856 249
105882 387
105914 159
105927 133
105978 118
106011 190
106023 311
106071 169
106090 301
106142 141
106168 235
106212 371
106217 351
106275 329
106328 132
106354 251
106403 194
106437 209
106486 170
106512 360
106564 135
106585 175
106609 113
106643 130
106678 391
106735 141
106757 219
106797 337
106842 121
106894 370
106951 242
106987 138
107048 164
107099 294
107147 194
107158 127
107161 358
107191 228
107222 398
107224 338
107241 381
107297 319
107324 248
107324 128
107383 175
107417 126
107476 272
107496 358
107503 116
107536 327
107550 160
107570 339
107574 208
107617 193
107662 377
107692 300
107727 268
107761 316
107807 180
107869 338
107886 394
107910 225
107943 233
108006 360
108053 140
108078 359
108082 294
108094 322
108120 118
108158 261
108187 252
108187 210
108207 386
108263 188
108263 174
108301 374
108316 143
108341 140
108379 386
108397 125
108448 339
108462 279
108481 334
108541 236
108551 322
108600 152
108632 263
108668 246
108685 341
108733 368
108742 113
108774 236
108786 193
108788 384
108801 328
108802 258
108860 197
108910 153
108945 292
109000 188
109006 391
109024 340
109044 154
109062 156
109075 224
109129 163
109146 118
109189 397
109198 228
109209 342
109271 194
109288 376
109309 291
109373 127
109412 123
109447 349
109471 159
109484 373
109525 179
109540 261
109569 257
109577 193
109596 275
109602 138
109629 224
109673 212
109697 233
109705 314
109763 322
109798 311
109856 260
109864 216
109921 305
109980 184
110030 322
110045 340
110052 321
110107 106
110112 327
110160 304
110167 229
110219 174
110239 309
110249 191
110312 185
110354 281
110401 119
110403 316
110405 291
110405 361
110405 398
110466 345
110503 138
110533 220
110574 200
110579 221
110616 193
110629 344
110677 139
110682 338
110746 241
110779 221
110807 321
110820 185
110849 137
110865 379
110892 151
110924 159
110981 328
111020 258
111025 108
111038 358
111072 130
111104 308
111149 389
111209 345
111224 170
111242 143
111303 203
111309 308
111352 378
111401 380
111430 212
111431 270
111439 123
111490 221
111507 212
111561 389
111582 186
111582 116
111638 248
111678 111
111698 180
111744 114
111766 387
111802 229
111809 210
111810 147
111844 301
111899 166
111941 398
111997 159
112034 172
112077 158
112139 399
112193 138
112226 188
112281 218
112300 256
112364 205
112385 206
112421 312
112473 195
112534 342
112570 277
112631 124
112654 101
112658 242
112683 337
112731 331
112749 179
112755 287
112820 171
112853 188
112880 341
112933 274
112997 331
113004 168
113059 198
113062 227
113115 224
113151 355
113198 140
113199 350
113216 150
113241 117
113262 303
113280 148
113301 362
113334 106
113349 286
113378 155
113418 172
113480 297
113516 339
113568 350
113629 380
113660 392
113720 154
113762 201
113774 275
113818 137
113847 175
113895 310
113942 127
113970 144
114003 353
114013 183
114036 128
114068 100
114069 209
114085 234
114124 307
114158 314
114167 272
114210 218
114219 338
114270 382
114287 145
114305 254
114353 313
114411 138
114445 202
114464 344
114468 306
114520 249
114521 346
114586 308
114631 313
114637 214
114678 342
114686 389
114690 292
114707 397
114734 368
114751 162
114764 253
114786 147
114794 373
114831 238
114852 139
114870 398
114891 123
114954 238
115003 181
115056 226
115107 389
115112 159
115165 291
115171 323
115228 163
115249 140
115278 237
115327 377
115339 283
115388 194
115430 203
115486 360
115505 399
115567 268
115622 203
115646 360
115689 314
115715 178
115764 280
115805 116
115857 138
115899 313
115936 399
115988 190
116032 105
116048 257
116085 376
116098 388
116156 367
116210 313
116267 302
116282 120
116318 345
116378 125
116384 304
116443 222
116473 301
116478 270
116535 325
116583 235
116609 296
116659 191
116661 313
116708 104
116713 387
116750 208
116794 243
116820 210
116846 130
116880 118
116934 329
116954 329
117013 275
117032 184
117048 315
117063 183
117126 364
117160 187
117221 158
117277 262
117326 161
117384 139
117396 302
117436 197
117471 138
117472 319
117503 108
117541 302
117584 203
117588 188
117642 306
117675 281
117693 249
117740 303
117755 161
117765 105
117827 240
117851 179
117870 398
117912 128
117916 195
117921 208
117982 352
118040 191
118071 397
118100 226
118115 202
118180 329
118239 128
118279 259
118294 102
118300 116
118351 112
118366 390
118395 175
118449 199
118481 169
118482 126
118515 122
118578 229
118631 396
118646 126
118664 114
118695 201
118754 291
118772 388
118826 328
118842 241
118897 303
118938 104
118958 301
119005 301
119023 215
119032 392
119073 196
119122 308
119152 228
119180 394
119188 145
119245 389
119305 260
119311 334
119345 134
119364 181
119414 358
119451 120
119470 393
119523 282
119587 352
119609 149
119673 199
119738 344
119803 395
119811 273
119825 290
119830 232
119838 345
119891 290
119924 346
119986 121
120051 209
120069 268
120115 363
120169 114
120233 128
120248 168
120259 172
120284 258
120319 155
120333 311
120362 347
120416 147
120446 315
120456 323
120503 362
120514 270
120547 387
120610 378
120642 293
120700 370
120760 156
120787 201
120807 204
120821 348
120834 144
120871 257
120916 107
120926 335
120926 294
120928 236
120952 255
120976 132
121014 197
121018 297
121021 102
121054 365
121056 110
121120 339
121160 230
121171 178
121207 302
121236 317
121240 343
121260 284
121320 163
121368 146
121400 231
121406 213
121428 188
121436 123
121441 133
121459 353
121491 259
121519 310
121544 283
121602 316
121620 127
121627 200
121688 138
121712 209
121759 209
121762 171
121772 138
121786 372
121804 398
121860 121
121920 136
121949 228
121970 319
122000 337
122029 231
122066 393
122110 190
122113 229
122115 229
122141 381
122173 350
122232 382
122268 389
122275 266
122303 155
122311 224
122376 315
122422 191
122448 194
122510 141
122541 385
122575 288
122584 279
122629 356
122690 160
122747 203
122779 390
122779 150
122835 245
122887 172
122887 256
122927 195
122956 300
122974 358
123002 118
123043 124
123088 186
123090 179
123131 133
123196 178
123245 124
123307 307
123346 120
123361 199
123362 378
123407 269
123469 219
123533 358
123570 355
123582 217
123609 367
123666 377
123723 205
123783 223
123818 295
123821 136
123866 235
123900 386
123957 353
124000 224
124051 108
124108 218
124145 162
124147 246
124150 196
124156 142
124219 257
124254 269
124305 331
124325 306
124343 345
124379 198
124398 338
124410 140
124462 322
124463 327
124471 362
124486 158
124532 325
124584 245
124611 372
124623 185
124673 163
124685 297
124692 150
124745 221
124798 301
124817 280
124843 208
124858 236
124876 290
124921 112
124927 261
124931 381
124939 179
124973 208
125018 270
125079 333
125103 351
125165 329
125202 189
125256 200
125259 174
125288 283
125324 106
125361 364
125419 182
125429 252
125438 251
125487 130
125489 164
125543 381
125603 183
125614 268
125664 249
125711 187
125764 104
125805 382
125845 320
125860 164
125904 284
125966 326
125966 208
125997 362
126016 364
126042 289
126070 334
126071 115
126128 290
126167 255
126182 185
126242 130
126295 333
126349 319
126387 277
126424 284
126477 215
126528 232
126565 290
126629 335
126655 290
126665 335
126699 199
126709 293
126728 285
126728 181
126728 142
126761 211
126790 224
126802 333
126825 165
126841 267
126853 329
126916 256
126931 297
126968 177
126983 367
127011 363
127066 114
127072 156
127090 356
127129 322
127191 101
127193 177
127220 216
127243 330
127303 281
127362 214
127398 300
127452 185
127501 213
127525 336
127528 379
127571 248
127592 207
127656 397
127705 246
127761 317
127804 158
127805 176
127809 158
127861 260
127920 308
127923 253
127957 149
127967 110
127980 200
127992 344
128009 246
128017 277
128052 200
128064 221
128104 246
128166 297
128226 185
128247 231
128262 184
128323 286
128373 170
128406 304
128460 377
128492 383
128502 313
128519 361
128552 171
128552 268
128579 165
128598 270
128611 180
128628 268
128637 193
128642 161
128685 194
128714 373
128777 139
128820 385
128860 296
128912 298
128967 347
128977 372
129001 150
